[MapDimensions]
width = 12
height = 7
cellwidth = 0.01
cellheight = 0.01

[Mines]
nummines = 10
randommines = False
minespositions = -8.555173457,6.3782467735|-4.5490146448,4.2900198773|-5.1584232672,7.488241435|-5.5475398174,3.7870810343|-1.8546142319,6.1979523741|-1.4396168345,1.099150833|0.8509620014,4.3059013062|1.4606647243,1.0076801814|1.8488989729,5.0088392844|0.057435673,2.1035580162
detectionmindist = 0.3
explosionmaxdist = 0.2

