minefield:

  corner1:
    latitude: 40.1847029477
    longitude: -8.41439598044
    altitude: 120.3501
    
  corner2:
    latitude: 40.1846579025
    longitude: -8.41439636778
    altitude: 120.3501
    
  corner3:
    latitude: 40.1846573083
    longitude: -8.4142989056
    altitude: 120.3501
    
  corner4:
    latitude: 40.1847023535
    longitude: -8.41427851818
    altitude: 120.3501
