[MapDimensions]
width = 1000
height = 1000
cellwidth = 0.05
cellheight = 0.05
resolution = 0.05

[Mines]
nummines = 5
randommines = false
minespositions = -4.2840917192,-1.2636574549|-3.594241215,2.1883863286|-0.6924891537,1.5969178384|1.1572087451,1.7023582664|3.6139624617,-0.5904263233
detectionmindist = 0.15
explosionmaxdist = 0.2





