[MapDimensions]
width = 12.0
height = 7.0
resolution = 0.05

[Mines]
nummines = 5
randommines = false
minespositions = -4.2840917192,-1.2636574549|-3.594241215,2.1883863286|-0.6924891537,1.5969178384|3.6139624617,-0.5904263233|3.65,2.1
detectionmindist = 0.5
explosionmaxdist = 0.3

