[MapDimensions]
width = 15.299741
height = 10.647477
resolution = 0.05

[Mines]
nummines = 4
randommines = false
minespositions = -108.7,-11.2|-106.7,-12.5|-104.2,-11.0|-106.3,-6.1
detectionmindist = 0.5
explosionmaxdist = 0.3
