minefield:

  corner1:
    latitude: 40.1847329977
    longitude: -8.41449999999
    altitude: 120.3501
    
  corner2:
    latitude: 40.1846409025
    longitude: -8.41449999999
    altitude: 120.3501
    
  corner3:
    latitude: 40.1846409025
    longitude: -8.41429999956
    altitude: 120.3501
    
  corner4:
    latitude: 40.1847219977
    longitude: -8.41429999156
    altitude: 120.3501
