minefield:

  corner1:
    latitude: 40.1847470477
    longitude: -8.41439608044
    altitude: 120.3501
    
  corner2:
    latitude: 40.1846574025
    longitude: -8.41439696778
    altitude: 120.3501
    
  corner3:
    latitude: 40.1846570083
    longitude: -8.4142769056
    altitude: 120.3501
    
  corner4:
    latitude: 40.1847493535
    longitude: -8.41427651818
    altitude: 120.3501
